,obsid,chip_id
0,4550,7
1,5474,2
2,13234,7
3,109,7
4,14360,7
5,19135,7
6,19136,7
7,19137,7
8,12449,7
9,669,7
10,2698,7
11,661,7
12,16676,7
13,663,7
14,5511,3
15,6344,3
16,4535,7
17,15747,7
18,3324,7
19,807,7
20,406,7
21,746,7
22,950,3
23,14055,7
24,14329,7
25,6684,3
26,5472,2
27,10061,7
28,5671,7
29,19563,7
30,6788,7
31,20153,7
32,6402,1
33,4422,7
34,4423,7
35,4590,7
36,4897,7
37,6872,7
38,6873,7
39,6870,7
40,88,3
41,11005,7
42,12292,7
43,6781,7
44,10991,7
45,11020,7
46,13632,7
47,13270,7
48,13271,7
49,13631,7
50,2136,7
51,14639,7
52,13268,7
53,710,7
54,711,7
55,708,7
56,18986,7
57,4104,7
58,6795,1
59,12078,7
60,12080,7
61,4842,7
62,1522,3
63,3498,3
64,3744,3
65,4373,3
66,4374,3
67,4395,3
68,4396,3
69,13637,3
70,14334,3
71,14335,3
72,15546,3
73,5666,7
74,2029,7
75,5673,7
76,3974,7
77,2139,7
78,14646,7
79,2820,7
80,10134,7
81,10138,7
82,10139,7
83,12073,7
84,1987,7
85,2813,7
86,2815,7
87,2817,7
88,12871,7
89,4878,7
90,4879,7
91,1712,7
92,4876,7
93,4877,7
94,1711,7
95,3319,6
96,6786,7
97,3336,7
98,11477,7
99,3790,7
100,14655,7
101,11447,7
102,4140,7
103,15803,3
104,4157,7
105,12866,7
106,5301,7
107,5302,7
108,13686,7
109,2916,7
110,2190,7
111,3972,7
112,13901,7
113,13713,7
114,4005,7
115,12868,7
116,19560,7
117,20366,7
118,20367,7
119,20369,7
120,21433,7
121,22082,7
122,11456,7
123,2027,7
124,90,3
125,6155,7
126,6157,7
127,4916,7
128,2667,7
129,10806,7
130,10807,7
131,3448,7
132,9287,7
133,2985,7
134,4780,7
135,2146,7
136,15036,7
137,2137,7
138,3878,7
139,3049,7
140,3360,7
141,10060,7
142,5417,7
143,5415,7
144,5416,7
145,5418,7
146,16354,3
147,357,7
148,358,7
149,4108,7
150,3459,7
151,626,7
152,4138,7
153,6730,7
154,4001,3
155,3956,7
156,348,7
157,9217,7
158,9218,7
159,4451,7
160,4453,7
161,11448,7
162,1564,7
163,15771,7
164,3104,7
165,3102,7
166,2424,7
167,13676,7
168,14405,7
169,6242,3
170,8242,3
171,3097,7
172,866,7
173,5708,7
174,2133,7
175,9598,7
176,9874,7
177,3054,7
178,2140,7
179,6903,7
180,6904,7
181,7302,7
182,7303,7
183,2096,7
184,6774,7
185,3998,7
186,6787,7
187,6770,7
188,6785,7
189,11481,7
190,3000,7
191,3001,7
192,5640,7
193,2731,7
194,12431,3
195,13163,7
196,10561,7
197,5658,7
198,10374,7
199,14636,7
200,11530,3
201,12088,3
202,16083,7
203,16084,7
204,2340,7
205,10369,7
206,808,7
207,4137,7
208,1612,7
209,1613,7
210,5693,3
211,905,2
212,857,7
213,4843,7
214,3127,7
215,2138,7
216,3973,7
217,9290,7
218,13892,7
219,5672,7
220,2134,7
221,22694,3
222,641,7
223,4893,7
224,12845,7
225,3558,3
226,11464,7
227,3993,7
228,3098,7
229,4841,7
230,3124,7
231,865,7
232,827,7
233,2959,7
234,841,7
235,4446,7
236,22104,7
237,23053,7
238,23339,7
239,21560,7
240,22107,7
241,23239,7
242,22103,7
243,22105,7
244,22106,7
245,22109,7
246,24612,7
247,24639,7
248,23054,7
249,10379,7
250,12011,7
251,9141,7
252,11500,7
253,3988,3
254,6914,7
255,6915,7
256,7786,7
257,7790,7
258,7793,7
259,9180,7
260,9237,7
261,9239,7
262,11540,7
263,11541,7
264,11542,7
265,11543,7
266,11544,7
267,11545,7
268,12833,7
269,13962,7
270,13963,7
271,14509,7
272,19618,7
273,19622,7
274,19623,7
275,21976,7
276,21995,7
277,7785,7
278,7788,7
279,7789,7
280,7791,7
281,7792,7
282,9238,7
283,9240,7
284,12834,7
285,14507,7
286,14508,7
287,14510,7
288,19617,7
289,19619,7
290,19620,7
291,19621,7
292,19624,7
293,19625,7
294,342,7
295,670,7
296,6780,7
297,2128,7
298,435,7
299,9249,7
300,4549,7
301,6773,7
302,4902,7
303,15741,7
304,2801,7
305,3986,3
306,884,7
307,12389,7
308,5731,7
309,2132,7
310,11431,7
311,12056,7
312,4004,3
313,19464,7
314,885,7
315,12865,7
316,3137,7
317,10365,7
318,883,7
319,2694,7
320,4894,7
321,858,7
322,5660,7
323,3048,7
324,2142,7
325,4898,7
326,17089,7
327,2795,7
328,12281,3
329,13136,3
330,4895,7
331,9284,7
332,830,7
333,22152,7
334,11004,7
335,14540,2
336,7736,7
337,8966,7
338,15735,7
339,17588,7
340,10311,7
341,3095,7
342,13903,7
343,9282,7
344,5639,7
345,12873,7
346,10978,7
347,10976,7
348,434,7
349,7871,7
350,11238,7
351,11680,7
352,10263,3
353,3120,7
354,5833,7
355,2131,7
356,11621,3
357,4425,7
358,3108,7
359,4813,7
360,17120,7
361,13899,7
362,5642,7
363,7220,7
364,5669,7
365,2561,7
366,5736,7
367,2885,7
368,4555,7
369,4556,7
370,4557,7
371,11032,7
372,11033,7
373,11034,7
374,13018,7
375,10415,3
376,5769,7
377,12948,7
378,4889,7
379,5733,7
380,7795,7
381,7796,7
382,9286,7
383,836,7
384,4136,7
385,7457,7
386,13893,7
387,3103,7
388,3105,7
389,11003,7
390,9222,7
391,2771,7
392,15567,7
393,15565,7
394,15566,7
395,9070,7
396,9071,7
397,9072,7
398,10783,7
399,10871,7
400,11059,7
401,11060,7
402,4130,7
403,16488,7
404,867,7
405,12438,7
406,12441,7
407,10375,7
408,5820,3
409,12870,7
410,7527,3
411,10370,7
412,10992,3
413,3887,7
414,11449,7
415,9278,7
416,5709,7
417,9328,7
418,723,7
419,11678,7
420,713,7
421,6412,3
422,9280,7
423,15037,7
424,2144,7
425,12837,2
426,2141,7
427,11432,7
428,62,7
429,69,7
430,70,7
431,971,7
432,5189,7
433,15780,7
434,4061,7
435,10377,7
436,15039,7
437,2339,7
438,2193,7
439,2997,7
440,10372,7
441,9182,7
442,13633,7
443,13634,7
444,1886,7
445,3051,7
446,3122,7
447,11462,7
448,1615,7
449,12942,7
450,3662,7
451,2967,7
452,5677,7
453,6783,7
454,15022,7
455,15618,7
456,15621,7
457,6875,7
458,13900,7
459,8570,7
460,12383,7
461,2145,7
462,14408,7
463,17091,7
464,7874,7
465,615,7
466,4139,7
467,13896,7
468,9283,7
469,12863,7
470,4896,7
471,83,7
472,13011,7
473,4891,7
474,6701,7
475,3125,7
476,6272,3
477,5641,7
478,2960,7
479,10309,7
480,23725,7
481,3971,7
482,11459,7
483,9265,7
484,5638,7
485,13982,0
486,12867,7
487,16322,7
488,9291,7
489,15038,7
490,12864,7
491,9926,7
492,6179,7
493,1626,7
494,2097,7
495,22068,7
496,22327,7
497,23394,7
498,19693,7
499,21488,7
500,22564,7
501,26132,7
502,18188,7
503,18684,7
504,18685,7
505,18165,7
506,18189,7
507,18726,7
508,18142,7
509,26172,7
510,15718,7
511,17464,7
512,18843,7
513,18885,7
514,26135,7
515,22091,7
516,22333,7
517,22332,7
518,19745,7
519,19527,7
520,18164,7
521,19528,7
522,18167,7
523,19529,7
524,19526,7
525,22289,7
526,20148,7
527,21493,7
528,24841,7
529,18141,7
530,15874,7
531,18884,7
532,26118,7
533,26131,7
534,23110,7
535,22167,7
536,22168,7
537,21498,7
538,19692,7
539,20864,7
540,20865,7
541,20866,7
542,20867,7
543,22247,7
544,17123,7
545,23349,7
546,22567,7
547,23284,7
548,17086,7
549,23142,7
550,17782,7
551,25986,7
552,19476,7
553,19884,7
554,23729,7
555,23711,7
556,10284,7
557,10283,7
558,20488,7
559,7349,7
560,7350,7
561,7352,7
562,7353,7
563,8510,7
564,8511,7
565,8513,7
566,8514,7
567,8515,7
568,8516,7
569,8517,7
570,8576,7
571,8578,7
572,8579,7
573,8580,7
574,8581,7
575,10286,7
576,10287,7
577,10288,7
578,11512,7
579,11513,7
580,11517,7
581,11518,7
582,11519,7
583,11520,7
584,13964,7
585,14974,7
586,16042,7
587,17056,7
588,11516,7
589,7348,7
590,4511,3
591,10964,1
592,10939,0
593,12099,0
594,10969,2
595,10970,3
596,9540,6
597,14471,7
598,13728,7
599,735,7
600,12301,7
601,379,3
602,18065,3
603,380,3
604,18073,3
605,17678,1
606,18067,1
607,3849,7
608,2783,7
609,5549,7
610,7270,7
611,7271,7
612,3819,7
613,5596,3
614,17011,3
615,16277,3
616,11847,3
617,7797,2
618,8490,3
619,2978,7
620,3965,7
621,10722,7
622,15295,3
623,17891,7
624,19521,7
625,20794,7
626,10724,2
627,8489,3
628,18461,3
629,21698,3
630,13303,3
631,962,3
632,11846,3
633,16276,3
634,22714,3
635,7798,3
636,7799,3
637,5559,3
638,19138,7
639,20195,7
640,13708,7
641,14478,7
642,12454,7
643,14479,7
644,11051,7
645,15785,3
646,15787,3
647,3997,7
648,6660,7
649,7594,7
650,11102,7
651,11103,7
652,12105,7
653,13149,7
654,13217,7
655,13746,7
656,13747,7
657,15870,7
658,15871,7
659,20091,7
660,15989,7
661,15990,7
662,15991,7
663,15992,7
664,15993,7
665,10938,7
666,19700,7
667,19701,7
668,19702,7
669,82,7
670,2946,2
671,9934,7
672,9936,7
673,15733,7
674,20152,7
675,9935,7
676,15731,7
677,16511,7
678,15732,7
679,16510,7
680,16509,7
681,9933,7
682,22312,7
683,22313,7
684,4752,7
685,5935,7
686,5937,7
687,5938,7
688,5939,7
689,5940,7
690,5941,7
691,5944,7
692,18064,3
693,10543,7
694,18071,1
695,8190,7
696,11800,7
697,18062,3
698,18068,1
699,18066,3
700,16578,7
701,709,7
702,12456,7
703,12457,7
704,12458,7
705,21699,3
706,18462,3
707,7800,1
708,10723,3
709,12155,3
710,22715,3
711,20752,2
712,3994,7
713,2148,7
714,18172,7
715,18023,3
716,3833,3
717,3834,3
718,3861,7
719,786,7
720,1730,3
721,6376,3
722,6377,3
723,23604,3
724,23605,3
725,14376,7
726,344,7
727,370,7
728,18960,7
729,17721,7
730,21465,7
731,11586,7
732,12039,7
733,12040,7
734,14221,7
735,14223,7
736,14357,7
737,15580,7
738,15593,7
739,365,7
740,21974,7
741,21688,7
742,359,7
743,17510,3
744,17525,3
745,14225,7
746,14227,7
747,14429,7
748,14433,7
749,14434,7
750,375,7
751,6921,7
752,9025,7
753,12461,7
754,18987,7
755,22693,3
756,10089,3
757,14206,3
758,16563,3
759,16583,3
760,16822,3
761,18744,3
762,19280,3
763,19281,3
764,20054,3
765,20116,3
766,21245,3
767,21247,3
768,23437,3
769,24862,3
770,24905,3
771,9398,7
772,9845,7
773,9846,7
774,9848,7
775,21559,7
776,21561,7
777,23211,7
778,23240,7
779,9928,7
780,9930,7
781,20615,7
782,17446,3
783,8195,2
784,308,3
785,1582,3
786,8191,3
787,9522,3
788,10555,3
789,10715,2
790,12971,3
791,7064,1
792,9521,1
793,9524,2
794,13834,1
795,7138,3
796,5690,7
797,7794,7
798,9181,7
799,14512,7
800,14511,7
801,97,7
802,16705,7
803,16706,7
804,16707,7
805,3808,7
806,10289,7
807,10290,7
808,10291,7
809,10292,7
810,10293,7
811,14539,7
812,17644,7
813,23100,7
814,9279,7
815,14990,7
816,19615,7
817,19616,7
818,20907,7
819,20908,7
820,22023,7
821,22024,7
822,22025,7
823,22026,7
824,3146,7
825,14543,3
826,21999,7
827,651,7
828,21501,7
829,23709,7
830,23161,7
831,23162,7
832,21511,7
833,18345,7
834,18143,7
835,22566,7
836,23144,7
837,23134,7
838,18174,7
839,17119,7
840,22040,7
841,22268,7
842,18828,7
843,20207,7
844,23694,7
845,15748,7
846,3386,7
847,16529,7
848,17420,7
849,16527,7
850,3384,7
851,16528,7
852,3387,7
853,1808,7
854,3086,7
855,3087,7
856,3088,7
857,3980,7
858,3981,7
859,3982,7
860,4921,7
861,4922,7
862,5741,7
863,5742,7
864,5744,7
865,5745,7
866,5746,7
867,5747,7
868,5748,7
869,6302,7
870,6303,7
871,6304,7
872,18838,7
873,18856,7
874,21075,7
875,21076,7
876,19457,7
877,4923,7
878,5743,7
879,6305,7
880,7354,7
881,8512,7
882,8575,7
883,8577,7
884,10282,7
885,7351,7
886,3977,7
887,5827,3
888,351,7
889,13965,7
890,5740,7
891,13620,7
892,13287,2
893,10088,0
894,13269,7
895,13627,7
896,13628,7
897,13629,7
898,18023,2
899,3901,7
900,6154,7
901,6767,7
902,6768,7
903,6156,7
904,7701,3
905,10808,7
906,372,7
907,349,7
908,4185,3
909,7745,7
910,15304,2
911,2192,7
912,14988,7
913,5904,3
914,14036,2
915,12453,7
916,3114,7
917,7221,7
918,16284,3
919,12939,7
920,13987,3
921,5914,3
922,3118,7
923,4812,7
924,17849,3
925,8229,3
926,4054,7
927,845,3
928,16150,3
929,23362,7
930,26144,7
931,21478,7
932,16147,3
933,18198,7
934,16148,3
935,16152,3
936,16151,3
937,15980,3
938,6602,2
939,8201,1
940,16213,7
941,8709,2
942,15041,7
943,15045,7
944,16212,7
945,20040,7
946,20041,7
947,20344,7
948,20346,7
949,20347,7
950,21453,7
951,18058,7
952,14946,7
953,14944,7
954,21589,3
955,14702,7
956,14703,7
957,16215,7
958,16216,7
959,16217,7
960,16508,7
961,19704,7
962,20751,7
963,23295,0
964,22707,0
965,22937,0
966,21582,1
967,22390,7
968,15043,7
969,8200,2
970,21584,0
971,22385,7
972,7557,0
973,16211,7
974,19703,7
975,7558,0
976,21218,7
977,18732,7
978,15044,7
979,12451,2
980,16963,7
981,16966,7
982,18055,7
983,18056,7
984,19726,7
985,19727,7
986,20345,7
987,21456,7
988,22604,7
989,16214,7
990,8987,7
991,658,3
992,3671,7
993,18731,7
994,2818,7
995,128,7
996,2819,7
997,18070,1
998,390,7
999,18063,3
1000,10027,7
1001,18069,1
1002,3833,1
1003,17471,2
1004,19748,3
1005,7892,3
1006,10699,7
1007,6929,6
1008,15967,1
1009,5559,7
1010,8153,5
1011,3474,7
1012,7893,3
1013,9140,7
1014,10937,7
1015,5636,7
1016,20898,2
1017,4607,7
1018,5137,3
1019,11958,5
1020,7554,0
1021,7555,0
1022,7556,0
1023,7557,3
1024,7558,3
1025,7559,3
1026,9171,0
1027,9172,0
1028,14702,6
1029,14703,6
1030,14704,7
1031,14943,7
1032,14945,7
1033,15042,7
1034,16210,6
1035,16211,6
1036,16212,6
1037,16213,6
1038,16214,6
1039,16218,7
1040,16508,6
1041,16597,7
1042,16964,7
1043,16965,7
1044,18057,7
1045,23295,3
1046,22707,3
1047,22937,3
1048,18323,1
1049,25632,4
1050,19769,3
1051,16946,7
1052,22426,7
1053,23248,7
1054,17639,7
1055,17318,7
1056,20546,3
1057,21428,7
1058,7645,7
1059,20547,3
1060,7031,7
1061,13612,7
1062,662,7
1063,8446,7
1064,8445,7
1065,8444,7
1066,8224,7
1067,4674,7
1068,20638,3
1069,10655,7
1070,19851,7
1071,18417,3
1072,6756,3
1073,16588,3
1074,22808,3
1075,3535,3
1076,15472,3
1077,22809,3
1078,3545,7
1079,8365,7
1080,13093,7
1081,15467,7
1082,17687,3
1083,18418,7
1084,3540,3
1085,3528,3
1086,20639,7
1087,18420,7
1088,15471,3
1089,15557,7
1090,20640,7
1091,18804,7
1092,14519,1
1093,14521,1
1094,2834,7
1095,2276,3
1096,7554,3
1097,7555,3
1098,7556,3
1099,7559,0
1100,9171,3
1101,9172,3
1102,14520,2
1103,14224,7
1104,9023,7
1105,78,3
1106,3385,7
1107,15786,3
1108,9686,3
1109,9688,7
1110,9689,7
1111,4616,7
1112,4618,7
1113,4619,7
1114,4620,7
1115,3539,3
1116,3537,3
1117,9690,3
1118,10649,3
1119,13092,3
1120,14257,3
1121,15466,3
1122,3543,2
1123,11957,7
1124,6052,3
1125,17689,7
1126,14261,5
1127,3542,3
1128,5147,3
1129,11959,6
1130,13095,6
1131,3527,3
1132,5146,3
1133,3526,3
1134,5128,8
1135,10658,6
1136,15468,5
1137,15469,5
1138,15470,5
1139,13409,5
1140,3979,7
1141,18837,7
1142,19458,7
1143,20034,7
1144,5738,7
1145,3976,7
1146,4918,7
1147,6300,7
1148,3084,7
1149,3085,7
1150,3978,7
1151,4919,7
1152,5737,7
1153,5739,7
1154,6301,7
1155,3975,7
1156,4917,7
1157,6299,7
1158,5826,3
1159,24619,7
1160,8192,3
1161,8193,3
1162,8195,3
1163,9523,3
1164,10715,3
1165,11839,3
1166,11840,3
1167,11841,3
1168,12972,3
1169,12973,3
1170,13301,3
1171,13302,3
1172,15325,3
1173,15326,3
1174,15327,3
1175,16295,3
1176,16296,3
1177,16297,3
1178,16298,3
1179,17444,3
1180,1581,3
1181,4678,3
1182,7064,3
1183,8186,3
1184,8187,3
1185,9521,3
1186,9524,3
1187,10717,3
1188,12161,3
1189,12974,3
1190,13833,3
1191,13834,3
1192,13298,3
1193,312,3
1194,12970,3
1195,4680,3
1196,4681,3
1197,7136,3
1198,13837,2
1199,10719,2
1200,11277,2
1201,8184,3
1202,8185,3
1203,10552,3
1204,10553,3
1205,10719,3
1206,11277,3
1207,11278,3
1208,11279,3
1209,13836,3
1210,13837,3
1211,14931,3
1212,5579,7
1213,6668,7
1214,5580,7
1215,6178,7
1216,6345,7
1217,6669,7
1218,7636,7
1219,7637,7
1220,9143,7
1221,9142,7
1222,9806,7
1223,10130,7
1224,9142,6
1225,9806,6
1226,10130,6
1227,4455,7
1228,9937,7
1229,17578,7
1230,10026,7
1231,10025,7
1232,5644,7
1233,6361,7
1234,18048,2
1235,19981,2
1236,4751,7
1237,6868,7
1238,6871,7
1239,13304,3
1240,12156,3
1241,17890,7
1242,15294,3
1243,17472,3
1244,19747,3
1245,20753,3
1246,10725,3
1247,10726,0
1248,14264,3
1249,3473,3
1250,1552,3
1251,1554,7
1252,3692,3
1253,1553,7
1254,3693,7
1255,14263,7
1256,10646,7
1257,16420,7
1258,16421,3
1259,10644,6
1260,23559,7
1261,3404,7
1262,754,3
1263,5534,2
1264,5535,2
1265,6117,1
1266,12083,7
1267,353,7
1268,3551,2
1269,14811,7
1270,15564,7
1271,20965,7
1272,14222,7
1273,1707,7
1274,17510,0
1275,17525,2
1276,24911,7
1277,14205,3
1278,21246,3
1279,22108,7
1280,23319,7
1281,21558,7
1282,24641,7
1283,24661,7
1284,12715,7
1285,11030,7
1286,13710,7
1287,11029,7
1288,11886,7
1289,23390,7
1290,24890,7
1291,22565,7
1292,21202,7
